100011667637076
100006420960828
100005890951919
100002837033947
100000135297589
100026286504146
1021494058
100003134090665
100009883084795
100003896624406
100009384320820
100021807546445
100027900921070
100023124587096
100013650577539
100013343824015
100011379726722
100010430417424
100009575273402
100009177432130
100007733915674
100007449276410
100006516319640
100005835039934
100005748815869
100003387337254
100003347982225
100002635016364
1170513032
100027853157920
100009250186153
100009434136950
100010680973953
100002293073580
100014337228597
100015100538637
100014090648250
100012678454965
100012248440766
100011472736355
100010362974629
100009694660160
100009304824099
100007839061708
100003201937181
100001177317604
100000049865411
1718377557
761376324
100004499713184
100027929718127
100025549574190
100025269255307
100024712890830
100013322405911
100011330173648
100009864513225
100009518231866
100004031509095
100003992447745
100003878692616
100002927871294
100000544439006
100027092358217
100023822828911
100016026366456
100006735330062
100003924377020
100002767435793
1822970389
100025182348049
100026395720531
100021308082336
100014659805220
100010561092074
100003028215709
100002954992753
100004139261394
100026268580892
100002219358676
100006742337905
100013907201543
1791273499
100027680650635
100002948698584
100026756433986
100025163775636
100023824905305
100011545544807
100005027563159
100021949352089
100000379643691
100025650065343
100012799441887
100014035031325
100010557376170
100004714967994
100004691590964
100009315080744
100007846239265
100021594532956
100000045206941
100016736977364
100015212615579
100008079243917
100006890621405
100006020595111
100005715667686
100003878628865
100003180804868
100002200309204
100000547868793
100000218555208
100005693281252
100009884145373
100025892974250
1503810001
100012282917757
100001756505357
100004545214879
100000230971962
100010162276684
100002947215100
100004012098152
100010441115172
100016046508526
100007795540060
100003513052019
100013223712727
100010316378795
100009514747293
100006038110795
100002962844953
100021637812406
100002942364319
100014339863562
100012679422021
100012017229440
100009891036011
100008046758337
100006386587858
100004687874708
100003841068839
100012106928826
100012379320499
100013297771138
100005494440734
100011893186345
100001802125466
100014604995831
100013753307745
100004220251588
100004469647473
100016420541765
100025622452166
100006011654803
100000433088118
1807071525
100027287154122
100025027814805
100011695117417
100006681497622
100003337521994
100000071803159
1381396052
100003000139282
100000325987606
100013907164320
100014475370488
100000279364718
100005200067263
100016829868614
100004457650403
100008611412035
100006757682934
100014726928469
100003278531063
100004427342979
100009284828637
100001853451625
100014924734651
100009805084004
100008059021779
100004080015797
100027825315779
100007979380485
100001892020588
100012580774923
100009208571438
100015221114297
100010603477311
100003069965931
100005206392529
100004469375818
100003029001616
100016020795228
100027945036294
100003020101359
100016436775940
1793332190
616506362
100007799199972
100013232131606
100003146850703
100000053650389
100001995791424
100010282008709
100006384304427
100006694333709
100004459006828
100026638174009
100013878136372
100025592640830
100001612787815
100024582824663
1206390005
100003211873600
100015403651878
100014072197020
100006659283194
100004048386263
100023116581432
100009495593433
100006391986425
100004304131948
100001598671223
100007305195346
100025471081896
100015499810161
100013210128064
100004134041245
100015372999130
100000189834671
100005113577843
100015565489220
100011042617551
100013193253686
100005644475290
100000606373859
100004518721929
100008454047372
100003144267926
100013424596263
100008500505581
100013031410045
100008692568450
100021718758127
100006694231673
522477243
100012557464531
100003293858592
100003159272161
100008176631256
100004310919318
100004008242285
100015953508028
100009152016086
100007397566951
100008357926356
100007953210772
100001706990452
100004899182537
100022085416563
100019500391982
100008370216853
100022424740743
100006614411006
100026787137791
100009224565801
100027068252127
100005452451330
100008407382621
100002718030613
100025355747933
100005000083013
100002834157636
100004326494883
100005498408489
100021244026917
100026091999708
100022141809575
100024438693315
100013245739346
100003119160063
100007147694727
100027044111931
100004379534557
100027540051577
100012446955182
100009989947917
100009316870722
100026167713998
100015801282692
100011759080830
100006880478714
1067911245
100012602977400
100000277196810
100003970311696
100004850950841
100002405493958
100017470182831
100002947086662
100003698067457
100023601190155
100022179081484
100024899650577
100002947135611
100001454441946
100003992627174
100010979372920
100000818719876
100004403106918
100003565922049
100000962243220
100006108757859
100024937891214
100002684787598
100027540103485
100005704930430
100004098922056
100005280348855
100005434302041
100026967814306
100009904325309
100009485608193
100008842542254
100007046255725
100006705970094
100006639583904
100006477502747
100004644822181
100004407194341
100003980368244
1746375509
100001880980843
100003994276212
100005140026149
100007315237499
100006507937344
100014858736038
100010106625600
100026801960817
100004460017957
100003367298341
100027586774576
100011577520388
100013112169659
100000194637054
100027243284938
100006796050845
100017630880520
100027150314519
100008641327868
100026770745002
100027368343556
100010923372889
100000473965870
100027422258705
100024708375093
100012926464958
100010878129514
100009701791036
100008738709367
100002237093891
1245524604
100000290305838
100016281784291
100006526543173
100004468265471
100005195250101
1782522363
100027402492105
100012726672413
100005681139246
100001289821976
100016069567323
100010455971390
100000205421364
100014019422894
100005097612867
100026538137710
100009777764796
100026212381663
511484573
100002682461630
100010172465892
100011344022721
100002330528211
100005543022947
100007333512409
100005930255464
100027185355047
100024772001260
100024765102809
100024759523149
100024737236540
100024697251416
100024683063035
100024302739912
100014658576268
100012799096455
100009959536521
100008834161515
100004748920848
100004090500314
100007833766023
100025857485033
100024009005181
100006735487613
100005533628287
100013365615659
100010376975848
100015929594164
100000396243800
100024764742725
100024703670374
100024761473155
100024696231214
100024713809121
100024757963368
100024695271274
100024756343107
100000378862448
100011390056054
100010930545190
100013302825188
100008956994291
100002940499383
100012850533970
100015368732878
100024724543856
100013182432323
100008984979782
100024958717712
100008001100696
100010685672176
100026712062992
100027371192251
100027143927443
100027085629575
100024917016720
100024103980550
100021728360962
100013104132306
100011952168173
100010924756696
100009981012155
100009530528098
100006323926171
100004229492034
100003870258779
100000677338859
100003172722961
100008100063423
100004085795062
100016664059096
100005779121792
100011618972909
100002897002163
100010200791570
100004608107317
100011906376127
100012621751474
100007914694190
100000058012194
100003804846012
100003930727170
100004631887158
100026169163354
100013418084018
1777518038
100004496170189
100024361424021
100002746458748
100007984724793
100006638370701
100007248137439
100003132680124
100001886684023
100008137713350
100004252863521
100010921509757
100013611635916
100003733716296
100017087104259
100012389858458
100011426320025
100021304998875
100008313889805
100005591642976
100004317900994
100026729112090
100026877049399
100010173306922
100009058641208
100003615930497
100004198623703
100003103492024
100026339234209
100001752557609
100012133080680
100002975613557
100000200424915
100000199094983
100009156596644
100004453774976
100009695649730
100026751910541
100009460060743
100016343866795
100004942448992
100004404276699
100007966710551
100008469580900
100011481081478
100015632945204
100007538173015
100011711043864
100009700991583
1135354811
1035966674
100006587881407
100010950019075
100013187075869
100006298841942
100004326573207
100006628542177
100000047311636
100003646240046
100001581721710
100001218600519
100001102007974
100000159536544
1808383963
1702729328
100002661237604
100005792773753
100004419374543
100002629253888
100001291868371
100026676991100
100000158196739
100014484070836
100023216393254
100010405539384
100015027390318
100004463256127
100009948750704
100001231460641
100022876954553
100001800864929
100012692567126
100009388639387
100013262774090
100003034281307
100004276173679
100006519872277
100001491646547
100000378875030
100015224925584
100012557264489
100001889704825
100011952093432
100014342163504
643510898
100000045250453
100012328205029
100003823191408
100025341432217
100007383286696
100006352419548
100000037323923
100025218139844
100026472782608
100022755611181
1047913700
100002426048593
100011556431330
100009538367974
100007806167081
100003153628944
100015748699281
100009321650461
100002623909870
100009678797045
1125248377
100014393825915
100003059358411
100000314982174
100003998373536
100012445752393
100002946393670
100000071037010
100012504336640
100005217249396
100000376045186
100013553942841
100004461271521
100013015001982
100012178397786
100003590048319
100003264532108
100001797656949
100002521480831
100000433211320
100003823064163
1224804385
100001783920097
100004950521109
1330584483
100004431137721
100006879547386
100023595366819
100010128968312
100012000250239
100024793270514
100009370014070
100002630001663
100007809252847
100003543148768
100009730865080
100005970402228
100025322387469
100005368247304
100009351124992
100004184262791
100005856666489
100025321209697
100003729031517
100012399552670
100020998142610
100010685538404
100013220086819
100006300883003
100004054104660
100007180536959
100009623493724
100000657649470
100016831536552
100014268483703
100000344214131
100024701536345
100010689582463
1162834870
100010201771200
100010201727887
100006608836106
100003605564655
100000276013016
100020844818034
100012901203741
100022325093148
100005655846586
100001501028219
100001818170964
100024329002782
100004008322015
100005282581795
100008864144456
100023324520400
100006910721292
100003767118896
100002861890314
100007654742933
100008479843652
100003570158870
100008269808817
100005304127539
100010962243365
100007561895519
100003908713413
100025443923092
100008288619788
100011652813158
100005452242419
100000841152493
100000831082978
100002854614086
100025095706752
100005011086508
1096068986
100001763332135
100023781743283
1615329630
1012383838
100013302212712
100003660009466
100012697504312
100002943850131
100010169567976
100025281248250
100004241313282
100002273088735
100005640430532
100006526419466
100004572874934
100008973527342
100008764029406
100012705643183
100003688494929
100005293964494
100000101024308
542862324
100021390576847
100008643572410
100006305765509
100004254673928
100006222284264
100002985688840
100003001348642
100016798695281
100003348359111
100006525018995
100003949011509
100004056947706
100000515628135
100002762305755
100003798840856
100005517185332
100006453646636
100002895656303
100009816186690
100002360836869
100004107706459
100025226026704
100020121610888
100008043721826
100003334820870
100012316775729
100010165203473
100008736939526
100025082842048
100013909386094
100005956593444
100003098337947
100019989330565
100004349644803
100004460199181
100002896776477
100018030463637
100004051398321
100005260080461
100000247718805
100011673374934
100011163579637
100004859258933
100004810144464
100001305533976
100004627605140
100009365388099
100023912310082
100002967920456
100005724338003
100004060324267
100015299402942
100008255704481
100009984216203
100004177124321
100007796737048
509455350
100022865692539
100022087742838
100011930657121
100011190037529
100007030622751
100000732134595
100006269410112
100005073016569
100015617229355
100024050274095
100008650487828
100004544256072
100009935431378
100024580509752
100009345548347
100003653062268
100013393962910
1442287843
100005636654633
100005639680357
100006672978977
100008699734103
100005901520537
100000040920645
100004879394366
100013211471041
100004193618395
100023748107024
100003912620380
100011655393487
100025112168320
100000924603684
100003276400677
100021767867890
100022123680624
100009519632712
100006499151143
100006557713023
100014474198146
1401434532
100024070967516
100013320979001
100012829781721
100012066069753
100011071968063
100004663808374
100007673358858
100009390822842
100022615103953
100001184535395
100008772373015
100009327242866
100014830201113
100013303920573
100011783882050
100006366042029
100013218489786
100011248278513
100004996876284
100011166374204
100014346877339
100001727030706
100007793379999
100024937335318
100008116392894
100007221960746
100018315121426
100008054286162
100006245496715
100004326254643
100004135266978
100003602356404
100001816375424
1362308411
100004512693258
100002278797139
100001462735096
100008225949124
100022087329369
100001055172211
100003748671755
100000138733953
100008638574997
100002710906842
100011792836668
100022146305463
100021299977173
100013191525104
100011882717072
100008754249247
100007927273755
100006964273220
100006662562074
100003766145596
100002362534407
100002824574793
100008045433672
100008168354216
100012157923231
100008383505174
100014205167229
100003702242715
100003700791254
100001790880047
100009446118494
100004530756871
100001666583902
100006390554283
711851049
100011405898504
100017446034950
100005953569755
100018723583027
100022972755539
100024748591958
100005893781273
100011508090128
100008203512569
100004368246005
100004034507309
1206463405
100007489068870
100004932997445
100004115464521
100015569627480
100006534067071
100002858323568
100000234518613
100010621364187
100001814868535
1843940536
100002619934233
100008333881157
100004307864125
100013249457873
100021024653719
100022429749322
100000100236433
100008294768450
100024606998023
100003764229404
100001983210469
100011941686895
100009865455456
100012967365783
100002982522024
1176194327
100003925636791
100004025448020
556393691
100002608932885
100022229927594
100005746988562
100011495537195
100011584020679
100010126500687
100024479137129
100003896286244
100004851605348
100004088677266
25708742
100012133233456
100004462451573
100024270252911
100017156672665
100011557842140
100001795687412
100000012231038
100008018140628
100002971213702
100002790670749
100014544786182
100003763858628
100011099837646
100004142527008
100006600853031
100016501390548
100013365338327
100001151248477
100004190041552
100009888312246
100022771628247
100009967788610
100012766099185
100007820980301
100009824040422
100021526712002
100014417019777
100014077504536
100022298014588
100010336655191
100005127009673
100009120657534
100018146895977
100000524654379
100010693563313
100003971396987
100003229459217
100002358197142
100020990449266
100001034289562
100003653696138
100011278983692
100008345258190
100008033653501
100008220091515
100002160718619
100000133396872
100003843201358
100012910416492
100003287645699
100005678679733
100018143986044
100006570580226
100004071624694
1799407583
1259713645
100011137905888
100006820440855
100022810924181
100000574393762
100000397448757
100001678450588
100014284500164
100019199082201
100003227742330
100010876333985
100006771078976
100004624175167
100002701045565
100023042963464
100009884281220
100022011888413
100005132347241
100003997206957
100004319233526
100015513826994
100003149403014
100004677287930
100011444354694
100003743613526
100011631970500
100004176310017
100010049856960
100010100704632
100002038334299
100004618117520
100002114462098
100005594829297
100007922737857
100001864697471
100013531690828
100013102028388
100006459293279
100005361824241
100015620803178
100002931871526
100003985888628
100005962240169
100003039707297
100003605129066
100002908492867
100011521356077
100007061550006
100002916868709
100013007582085
100022794841094
100009665804337
100022182383464
100014013158051
100000797525565
1848605469
100010833583607
100009817085437
1266314660
100003282939984
100013639323237
100017620244979
100009869408223
100005357826077
100013909726993
100001312167117
100012102279627
100010484889382
100008312432081
753979400
100022537822212
100004188679492
100010245400048
100006507550579
100010020781950
100003194560330
100015003540483
100004094328776
100006311441516
100004056000428
100013191491568
100006239521645
100011286428455
100004128429334
100001114460333
1072953486
100010594110772
100013343615531
100022550056364
518404990
100006063030143
100003699224752
100005880482234
100002914921392
100001488525741
100012387878964
100012301517794
100006608890599
100022780590168
100001041537852
100000527067475
100000352997640
100000976596398
100001665615899
100000258698968
100003644042512
100002269545710
100011116681506
100005188904269
100000248774802
100003280882132
100003350652981
100015454391688
100011673058741
100002207321847
100003281955671
100001886379554
100003001580609
100001409295587
100010756966273
1433188206
100022569196098
100011089000079
100009963822890
100007434335359
100001834426448
100003840086356
100003657898982
100010323966349
100005974665771
100006607501358
100022464826873
100003944530279
100003142680485
100003696297664
100006108106313
100006062342115
100014590926567
100009545130824
100001391487071
100004142140185
100001265142795
100003561446206
100009602074720
100012353989086
100003848032791
100005861468519
100008457763017
100009726256756
100004762501578
100004983583163
100011488931537
1012480967
100000980371910
100022761881234
100004118282438
100003204646505
100000100542105
100003031380875
100006453075630
999990030
100008299476335
100012969011501
100010777356493
100003519142304
100003954161228
100001502057090
100001389795013
100001381672263
100015935447318
100011482569895
100005377811058
100017335860211
100012349991144
100009172548076
100004491637611
100007184705899
100009441614390
100006307721961
100000354029064
100014066135984
100008281458461
100007070592267
100009079212053
100003811677238
100000943574908
100010042833017
100002513619428
100003332200050
100013510782438
100012232359040
100008066229483
100006489021980
100004313982906
100010900833871
100000596575923
1555404974
100008806535004
100011411771632
100004400371695
100004162057412
100007058910892
100005927676209
100005548693002
100007383044853
100004784598153
100008328961285
100004762450579
100008061522458
100003661235236
100012043058471
100009886183283
1506300084
100004423934974
100014124436117
100001457980062
100003904966418
100011611269068
100000128305767
100003982720012
100008208390108
100009354103856
100002690909188
100001718206892
100002554187457
1295914938
100014536380248
100005061461696
100005370121321
100004158990410
100014362087146
100001617469809
100005049390474
100005474946954
100003613460518
100012295513931
100002188854185
100009281742011
100001667817804
100008153054599
100003227211658
100010912872401
100000475206577
100006618335581
100004794106080
100010122882633
100021445159927
100004485613383
100011580392144
100014060199702
100002365963282
100005470895199
100000135390410
100005652882540
100000447186553
100008365620576
100005942130393
100001582069138
100005190012803
100014660043754
100010269795153
100022476159299
1727033378
100014247195581
100011394810345
100001138855190
100003821085947
100012751066645
100008806239054
1831642923
100013511593978
100005524681613
100012421871395
100004001180535
100001054632109
100001401771636
100010544983512
100009326809671
100013262983842
100012371474771
100003832857664
100003797223220
100018916957623
100006860311871
100000590830640
100011783745038
100010221851347
100006613360286
100003748113079
100004060635858
100006612577599
100009905773090
100009137540734
100003889560421
100001772842755
100011820167393
100001646650423
100013362811149
100004280974718
100003245551751
100006572674181
100004484860015
100010225363629
100003333980224
100008489973255
100003088398843
100000991963511
100003731178691
100004136467162
100009893264237
100010437671853
100007389705004
100005966861026
100021965535102
100012895050031
100007342783387
100001488976789
100006479794503
100008243508258
100004557731764
100004371574889
100005010254194
100004695424206
100013365247291
100012005719068
100006385428699
100009144932231
100010011570568
100012741817176
100003495610350
100011022731989
100005117688724
100006670751625
100011892513767
100001521001718
100012382537741
100004514497944
100022330174395
100001536250210
100020517872280
100021637671634
100003701680977
100010121642216
100011710920012
100020419021537
100012390333426
100016406656275
100007290167751
100005812410961
100007580318739
100003396703396
100005383121839
100015522781708
100007510306009
100003121135400
100000986782401
100012508868291
100004315629938
100002702425871
100015686681196
100008940011446
100008950807895
100002916885249
100011874574917
100001478927170
100013207533737
100003842959074
100004675025787
100008564911960
100014813676936
100008808664991
100004440582851
100006465145820
100011531493392
100005783588959
100008870589271
100003332093162
100010996036741
100010494608173
100004074589170
100015817865412
100001466092105
100003846156970
100021401020141
100007664268133
100001159359236
100001877983375
100014197987855
100009770797386
100004765699085
100003940789666
100004148520160
100008504298073
100009639316875
100003841239701
100000881545685
100010636426800
100011611753314
100009032269667
100011981130836
100001855272603
100009116007864
100016086995383
100010818704777
100006560537063
100001792069819
100002879055439
100004811026342
100015656115227
100010611792881
100005883882201
100008581470120
100008483561085
100005307695871
100004191702129
100013135530704
100021873168891
100003492060867
100008469939000
100000165203188
1106033241
100009428756102
100013160100564
100011554116712
100021835520325
100004401510704
100003185405470
100015638226720
100015161371682
100015436025939
100021586814937
100015751053854
100011143638951
100009028465306
100008110566286
100001862302868
100002404421828
100009472988966
100021988157617
100015473178623
100004006735176
100007232988005
100002937389024
100013794754794
100010728378637
100008632532582
100004592835016
100016411299669
100007645658367
100006599043412
100015483913734
100003653286690
100000075244779
100001458715356
100012810309143
100009093109572
100004398913754
100009457933535
100004737843377
100002977521054
100003859639788
100006515893906
100004203555940
100017076302905
100003310321083
100013308461325
100015186469392
100011347303587
100002976253694
100022536604174
100016854663875
100011650157174
100009821118572
100008285619596
100007589685788
100007012175409
100006163725935
100003975768075
100003248647083
100001901589724
100000200677904
100004658282524
100008524835992
100008192313829
100005983423008
100006661271663
100007945714173
100003862223187
100003770276126
100003528218441
100007702112963
100005920904019
100005852645238
100002636637972
100011445923205
100012831706672
100003119266558
100000153768781
100014519659491
100011455264448
100002971601499
100008957253084
100013974301164
100003994911003
100001444343169
100014601309604
100013839197752
100009823867078
100008491660638
100001412316445
100000891711847
100004159028862
100002909830657
100012338655673
100004520190007
100012968175527
100012183465549
100001208984553
100007092107901
100000466240662
100006637263385
100006189066016
100004339894378
100001917674889
100008349184824
100003280178716
100003767951016
100008586252868
100007279980578
100000339475798
100001824834417
1690281244
100004791075221
100004014295435
100009973353587
100019236510758
100014541482741
100004377910302
100002819089875
100003207240085
100005460066550
100000060723616
100003043954928
100003939245442
100009009346333
100003000530076
100000429025866
100004675339417
100017916940862
100011674238390
100008429732188
1261526149
100009124931690
100003825541046
100022301316581
100004201752681
100004038378499
100016636696754
100004046058671
100003911356810
100013714531129
100011020510643
100003176500024
100013225507190
100003000180828
100006636248716
100004116815817
100001707607809
100006282106278
100004325106071
100007667506826
100002938823611
100000896089680
100018408584094
100017008800510
1830833798
100014726430506
100008100042556
100008364675271
100015774095545
100013374391988
100004539404364
100003000058117
100015132368593
100001989605400
1731850099
100001898243806
100011868137241
100003747830270
100017127517514
100009667758201
100000260621722
100005202750992
100009786690839
100008241751932
100006416970174
100015286003662
100002785119565
100000186420220
100004642234872
100002458247428
100004438478509
100012095894696
100007260585137
100001056728280
746057737
100008249238296
100004781611389
100003226442419
100020597588548
100007862144902
100006300795719
100021622371381
100015807189162
100009464033797
100004657003318
100004287582324
100002735305399
100001909904825
100000201811520
100003970809269
100009646722928
100008136032172
100001530824666
100000055466122
100007728095512
100003693766493
100012540288019
100000291773020
100004016060110
100013147665076
100006676533123
100006628811307
100013960684192
100014938753984
100000308423464
100009365562187
100010922464953
100000898075157
100009251078731
100002451583244
100011290567261
100004501804611
100012015736847
100011207498400
100004321983288
100001331296502
100001149037683
100000010308713
100006583183004
100003800028954
100017769033929
100000200132316
100013385027862
100011327221377
100002352246943
100009712632095
100018079745710
100001706644535
100010313584161
100008630474199
100007147896256
100006627661838
100006431929090
100005576264203
100004300594949
100010753413317
100012592651156
100010083257501
100003645114678
754183015
100011634640197
100009545374629
100007974454315
100007291514483
100002774227367
100005326306456
100009881079199
100004076221598
100001113895522
100003695282871
100016777538968
100015834948828
100008742168377
100008260935227
100007242137094
100007081328778
100003116901419
100013006591923
100012284523070
100011242022560
100008399406084
100007497914421
100004417908266
100004191634388
100002977667981
100004612097749
100000189507537
100002476300300
100009477895431
100015802773648
100013380287712
100009811307232
100008919882558
100005350062919
100004663950744
100003914944228
100001298709793
100000591482233
100000153638558
100000044779713
707743218
100009060394129
100016525967765
100011747749290
100009225453411
100004256974059
100013874551844
100013434004244
100009314144783
100007845665585
100007365554991
100003826346887
100002460767776
100001029219248
100015199592218
100017052311245
100014647689690
100011576353378
100011052430500
100006546108160
100005595314293
100004290664370
100002915319985
100001159955446
100000125251901
1846614732
100005592062543
100004996956678
100003120285283
100018201731932
100003711548617
100003644620215
1291470277
100019974588328
100007318356629
100002672522668
100006194209123
100005303684250
100001390550112
100000999532310
100006324991530
100003691348203
100012734203855
100003765758163
100000852080160
100011476037120
100010629611189
100007395751970
100004852597950
100008993410240
100014851459138
100010213187362
100008231018356
100007832468015
100006249703312
100004853580287
100011735168762
100003718335918
100001682236690
100010074466249
100018141487875
100005610586786
100004308511046
100003983841199
100010974828846
100015291914261
100011261311627
100010502654271
100009517693097
100006198910098
100001462420552
100000518805965
100000464413140
100011391647375
100008178498502
100002798971369
100008116003664
100006328957120
100004664830273
100001571041094
100000019254858
100003289585802
100003732948995
100002315213752
100010038827300
100007011940229
536186895
100012508413842
100004831834829
100005051557689
100010534605765
100013840863866
100007432175743
100006225975024
100009659350867
100018343147672
100001897812476
100001424961543
100009197823963
100005133016514
100006555511861
100004474110373
100012003554878
100019549665958
100016435428893
100010949441988
100010858532242
100008046190809
100003931053232
834743507
100010551751567
100006006701479
100004015038946
100010665274523
100006530475949
100006224892437
100003122654399
100008834016647
100000925194795
100017659202086
100009430533416
100006600305384
100005627409516
100007291874216
100005647050815
100003836923294
100014811400710
100011810160917
100008269620818
100015780375287
100011739489654
100001572633834
100009644863317
100008166575455
100005462504413
100004383795827
100015763599341
100014286227367
100009953379213
100007552474912
100006943173140
100006821643165
100006676146718
100004753440630
100003746893516
1747820357
100004649083002
100009994770809
100008991163478
100007987475517
100004354268246
100003174471167
100002784976146
100000206570661
100016014001272
100003050453103
100004233181025
100003295855705
100019407607868
100015377168743
100009406042618
100007444000777
100005905176624
100005157498252
100004495442472
100004018516733
100003673636679
100003520201105
100002965653930
100000000742377
100001853353173
100011716111585
100004568230246
100012430186148
100010670614517
100010251245738
100006471397521
100002794225003
100001697298154
100000653397859
100017423676503
100014662448561
100013237815767
100007410543461
100005959307689
100004361434832
100004219681994
100002895782629
1291287669
100012869317931
100001720930187
100019001318509
100007963539129
100003132076477
100004046420261
100010227842437
100009008698254
100004055841040
100005205646216
100009677015101
100014748678122
100001605608340
100001818113146
100005433164830
100006414707159
100007708663423
100015178442403
100004298196934
100003117730756
100004452371243
100004075651026
100009092929383
100007696566292
100003947113091
100003877893407
100003583827416
100000949298995
100000100369036
100004802475227
100011614658322
100001747998413
100002949932119
100013024635590
100010726202619
100001848685082
100006167854704
100015403458552
100015271293814
100004944099295
1307019851
100009638050177
100003062191038
100004106430639
100000203874609
100019165143397
100010338577015
100002776318247
100010074252490
100005100307666
100011539832606
100018838908004
100005288986463
100003539681776
100002969714742
100008064708871
100003832483476
100015959314568
100014734783866
100005456472845
100008375808146
100008123220470
100002186008374
100015786612681
100005062929871
100000864851489
100009204291566
100006892153377
100018794323749
100010469255227
100001728811064
100018893256712
100005698951556
100003263294774
100014219562477
100006034842334
100014067939567
100005122215945
100009391237357
100003936492860
100003723705880
100003275581140
100002991274481
782879652
100006146613001
100003101004004
100003076053402
100002373344275
100000486201310
100013611072160
100005723683167
100004245033533
100018728620272
100006169023178
100005424704032
100004908135769
100005313257338
100005060679804
100012727908433
1791709113
100001881247711
100009627334671
100005481840490
100002705629018
100011435980456
100006849729508
100004922370279
100003655242215
100003038747332
100000041663334
100014609356669
100011872699527
100003128813354
100007016048846
100003844562259
100010669306826
100002424202592
100002877662512
100010376472034
100010335126366
100003738613246
100001376241076
100000766611498
100004090753219
100009160706485
100002932678310
100003830721309
100002617008583
100004175861893
1119257783
100004005137708
100011594621874
100011349169705
100014152171432
100005503025203
100009979055613
100003632741099
100016403772806
100017389568597
621051788
100004371661422
100005964823334
100005642946878
100001089713567
100001153688890
100008139543704
100011003464391
100007873091101
100002598868073
100013017455888
100004222154058
100003836783548
604780619
100011419795989
100013095077743
100010253656156
100005979789335
100010047420552
100002218734278
100004580141624
100004105718980
100014367857162
100000085307785
100004354178948
100011111116937
100009477997386
100009291488192
100004168063492
100004082071691
100002629473312
1112926932
100002545047157
100001781945814
100001898917376
100003245452355
100010058136345
100002138302294
100017326574570
100000659798751
100011696238783
100000189748270
100006731348225
1210196018
100003873080686
100002389401752
100013724559686
100001672814541
100002875188099
100003994174881
100011675887756
100014554575514
100010188540418
100014109185900
100001574000901
1247644104
100010668694720
100006655966080
100008417208285
100004157195813
100003275259270
100011066777762
100007145268164
100014597709614
100014581531887
100006116112227
100008283546964
100004038325793
100000192707104
100005931366002
100001126378436
100014204891379
100004442405241
100004022911152
100004012337573
100000028763249
100007045185746
100007089367644
100003916831738
100013201951967
100000174630950
100000296734637
100004232503681
100011512621880
100009298613022
100011310523500
100004027465080
100003121302764
100001563159752
100006278892364
100011368411900
100011626508478
100003266100440
100003997786168
100013564774364
100004235196983
100009696094244
100012798428962
100016174595205
100004001834422
100010824011202
100004984268539
100017157972734
100012096499690
100016218092628
100004512195209
100000676356479
100003048120752
100014584895657
100001849432297
100012581319149
100004377761517
100003738715834
100012283540320
100004099307957
100005596508856
100006373666741
100004852293073
100000471492327
100007842078740
100003545527968
100014767718248
100009991802214
100001767072470
100013198876769
100002447967247
100000170285184
100007322325225
100003260930924
100009059435878
100013105547221
100007422961164
100004501369149
100012961531068
100003241443637
100009546333790
100010741574154
100004852382242
100013696926384
100006288067470
100002184118321
100004369608563
100003814228601
100002800948883
100000361860895
100007287999386
100013032546396
100015157065607
100001578067480
100006901847841
1785341608
100001076594351
100003518224629
100015265421833
100013135141115
100004722150200
100017365242869
100002805162237
100007193376928
100003707700024
100009226865949
100006533077465
100013768506809
100004230610242
100011635710450
100004223237034
100003046085242
100016565446643
100011294220199
100004390747588
1018091083
100003033593933
100010513092916
100004006646339
100002065400772
100011533116664
100015782688433
100000172114745
100003942664213
100004227400008
100009538253528
100004902038030
100009345180721
100005421932573
100005644426054
100010807205613
100012823920427
100001289101092
100012140015277
100006273546461
100003253549913
100003148060863
100000635008777
100004295594069
100005516315943
100007932752122
100003879661867
100005386807669
100000039686745
100003205973966
100003819997369
100012648519409
100000411021442
100010790493278
100003593227614
100001076121782
100024147671925
100003564749234
100003697204824
100013790980382
100017211189562
100012698412974
100000635970749
100000269028692
100015100967615
100013925023972
100004498189154
100003944826348
100016885896672
100004350096814
100005212830264
100012380525055
100014262184317
100000067398996
100011702600316
100005751670256
100022035949932
100021709392354
100003268039810
100010790955798
100008144652604
100002469610856
100008403978500
100011668026584
100005179242734
100006046620955
100005112332653
100006435849225
100009527505678
100003282315676
100010548549007
100000995941164
100000032922766
100003784003231
100022907718929
100005572807947
100005498498501
100014936310210
100010725490439
100010381680041
100001041637498
100003954314843
100020856252812
100005392638745
100005147521527
100002836999571
100010309270553
100017033917279
100005819883591
100003333978733
100022738908834
100010663486540
100008521783737
100004095271898
100020529153135
100017264112184
100009846392981
100004525907490
100015785312899
100008472451638
100006392262969
100006211443189
100021705680371
100001781425716
100015684916295
100004645330499
100012925922203
100004859412856
100001407654750
100008357982140
100000203712728
100023182299875
100014189657823
100006022184787
100003963999696
100000480453362
100002350536772
100023928544862
100002519778915
100013800092906
100017382667343
100015335670899
100013941840011
100012141997978
100011589348988
100008177831043
100006453678062
100010180115919
1734832016
100011919135488
100000863238465
100006735885373
100014663252281
100005181009088
603885484
100004631491949
100023892763041
100017867680040
100022093155677
100005401962308
100006792549673
100011450782066
100013101286420
100004246329452
100009161395306
100001836981612
100007845367324
100011386334272
100003106322064
100001752349205
573883738
100009580369715
100004509676424
100015313867291
100014000341910
100005756737772
100006505445053
100004765000130
100005419145939
100021828825598
100007855869794
100004278790851
100012481395399
100006777870492
100010714489114
100022665754605
100011441116561
100010719069061
100007181955940
100006012000610
100008439816655
100002773261739
100011258854062
100021860702101
732090536
100002716103004
100016189273515
100006533461332
100003692201831
100000565663385
100003633253299
100007889641082
100011978851901
100015823574696
100001739916590
100004563214672
100002266711601
100016521163576
100010943084472
100005797518273
100022350075775
100002389342758
100002756303031
100023679549082
100008306479083
100004165959685
100000064445689
100006933283986
100005558375733
100015861122977
100008856908911
100004494723511
100014150343417
100002930411038
100005260747681
100000157583610
100006353431017
100008314051097
100002891456537
100000525310372
100011413824576
100006271333596
100007741216480
100000277273223
100013960685989
100006259539533
100006773915103
100004570682556
100005276580382
1037076025
100013400970336
100003582577170
100000196070992
100003297796336
100011441573059
100003626890480
100006881101650
100014355703915
100006243585522
100002189576483
100001898904376
100005916697345
100002684155122
100012245464335
100002729479769
100002904950191
100008051497415
100005867850186
100023639163056
100016017946945
100016787011569
640076902
100003607724880
100014665098620
100003238120443
100000384657972
100014283131252
100000192152788
100016328258045
100001164958068
100008672443013
100013503885786
100006286906854
100013116195970
100013927034471
100019238656830
100013182363118
100004109852362
100009593333125
100003966608248
100004632221277
100009708421759
100003917471347
100002360651716
100003642317265
100000114123097
100014131530130
100003734592587
100013662722586
100006364212371
100009432766168
100009077646497
656510923
100010499349391
1810213868
100010289677987
100009376974936
100006909281426
100006010925492
100005716028116
100002907524384
100004844071615
100009498387984
100009685353587
100002838796971
100002753996821
100011908397801
100004077534721
100023431569538
100018561159618
685768885
100017941594941
100003158274222
100011105371810
100010606351960
100002626030098
100003050961864
100002098708276
100002379591309
100006125647250
100007139704206
1773133660
100007781043640
100004235894328
100004591414863
100009135851043
100002636277039
100009182750736
100012171853966
100001543690956
100004382949922
100014144839223
100000151514168
100018846824673
100002045885676
100013556773279
100003991583927
100010433978007
100014247155340
100003798277813
100013022857175
100001194157432
100022106748446
100001732915383
100004203880724
100001885481957
100012475093863
100003256230524
100004112323814
100021679268826
100009504627175
100013181173136
100014896176963
100015189181615
100004673834678
100022685085735
100009396708217
100009843696540
100006854919675
100003618888462
100005509096133
100000284054237
100011589406389
100009274220440
100023381766439
100003399911207
807528235
100003289474185
100005634335227
100011013648495
100005469634470
100003127978939
100008162015060
100003823092053
100006016920413
100004424830441
100008730602129
100003267924544
1666512925
100004596528589
100023283248598
100004541072158
100006257257415
100023340339239
100023134446554
100011424819280
100004772837965
100000191156765
100006871241798
100013324297758
100002727005739
100006278561767
100023205644444
100004204021393
100013056906923
100011458807623
100000022224825
100009210435603
100007737494780
100007010019999
100002843390360
100001798809181
100005181990962
100004147268156
100011509083512
100010062156619
100022385588791
100000191752116
100004087008269
100010016320554
100006670364284
1356834888
100003993105118
100007762090563
100015663995040
100013665190802
100020201797439
100003797643794
100004211136912
100010749257312
100011481520071
100004337493722
100006747618519
100005803051542
100001381078297
100011485159323
100009326941444
100009501600284
100000055405063
100003546023153
100004794197967
100009553368387
100004033905479
100018048581416
100002327120698
100002688145484
100007520626238
100009651574062
1846464349
100000202843532
100000933335245
1814567272
1743893721
100011102439101
100023317532089
100001082590413
100010694522147
100005710263548
100005724243000
100010767432884
100007969000214
100022658531208
100004271343944
100004917514079
100001679855561
100012723698800
100002822388723
100008289978359
100014021702866
100001037035445
100000195197428
100005982070192
100001532760055
100008726946321
100006715602761
100004429277710
100000035051774
100000689038387
100014950870052
100008175100486
100008778996722
100006982112752
100005804110329
100008014277195
100000375120686
100015718098238
100014998591518
100007326316778
100000231712996
100006168608433
100005728147301
100016483717699
100008211554294
100005707111616
100000397580155
100007149850644
100001728233282
100000231544728
571497917
100013650817581
100008710389383
100002504788340
100004963268477
100003246810673
100004589881131
100009674593162
100005480497710
100004659153665
100001504594061
100007021906140
100007536427233
100003969127914
100010921898385
100004550649261
100012639690076
100013501061265
100013761843905
100011986450688
100005809784454
100008154976267
100005418824590
100010820613834
100002948465358
100013173900385
100003068217237
100015285423365
100005946847196
100004233697734
100003308588699
100013284072372
100003606459487
100016597863058
100010666623755
100008369558098
100011582371200
100009357696123
100002791500169
100022391913542
100000264032184
100001738542783
100014012741191
100003278288678
100009501987605
100007357688267
100006055568056
1841024899
100001610198296
100006373322203
100015989971107
100008110807976
100001228404604
100002985541927
100009475363440
100008330839244
100003748908129
100001240564285
100018137918801
100005048402622
100013897060835
100001715664724
100004860872332
100009264006546
100004843000867
100000070772077
100000108122856
100003869014577
100001563862527
100008130219540
100001626888084
100003687471463
100011047029325
100007093891352
100006571235975
100009327363987
100001849095696
100016138456663
1820015484
100000195797458
100001796088308
100001051407411
100022280010644
100003655358461
100003507197113
100010463892356
100001164125130
100002774570238
100005194157038
100014081167079
100010042096920
100000459377929
100002703567860
664330525
100014924701547
100001899035755
100006444916246
100001803114647
1827083779
100002253794014
100008113661516
100005623268707
100002576153462
100000331290608
100006873185927
100010712328686
100003809107953
100003287635286
100003081292033
100006072274975
100001022544713
100000465236032
100004055469955
100011085618161
100011751368274
100004533843175
100011377073404
100005272170893
100000357094326
100000153368511
1298335958
100000611019431
100000236855439
100006118264599
100000482015513
100003057159940
100015398566991
100001821941983
100002545720963
1672823600
100003713612457
100006393790663
100007555605585
100003773475164
100008007065422
100018357307804
100000108484048
100000072358519
100011829666766
100004610582257
100011016853551
100012898562022
100003787761379
100010249926702
100000102346932
100005912919415
100000172195149
100008046905800
100015157873416
100006598835161
100005369074046
100010667769978
100003825698872
100011752447821
100015746826193
100004588368868
100004684801373
100005318200626
100008056868938
100013570243151
100002475852228
100007603621171
100003345134313
100007212525729
100013124117001
100005002891653
100003769499184
100010476781742
100013319026186
100009807436757
100006747797925
100003626225144
100022124462897
100007293972226
1404455532
100001294282507
100001272135870
1639346957
100003081136090
100004501292004
100011301903825
100003097360148
100003668586247
100001421526657
100012570885948
100001444668330
100015133812273
100013273113915
100000089123039
100015156488439
100006361419824
100004382430485
100000231218418
100002932611964
100015223057496
100019133257478
100001600830634
100005349012473
100001003503279
638256492
100010837395757
100015834285325
100015496745126
100003043351112
100015970593050
100013019802786
100010688867521
100004943885418
100007389312232
100001131437833
100003772014227
100019022257232
100008372803287
100000038897067
100001578994326
100005947779059
100003912947376
100000505778222
100003672479004
100022521620672
100004988478652
100013724520340
100010819422855
100008995233166
100005425950728
100006616690076
100009416394918
100012847088933
100005721883035
100006042183066
100011793636684
100001915368283
100001854570611
100011357810797
100007165477977
100007710097883
100005285191422
100001352302000
1839885492
100014866903810
100022361943899
100004664019771
100008260533412
100003798147525
100013056397003
100006636553083
100016906681351
100014139849513
100001853267548
100002285957883
100013756533253
100008014450143
663835821
100004066787046
100006145516114
100001451479106
100003683933757
100002569523887
100000060738077
100005964522317
100016303294352
100009283948328
100009952902872
100008648351755
100004469760038
100005605638009
100010114486224
100007600381171
100011449011367
100001795583601
787252767
100010419673302
100003172600618
100002869178545
100002630780213
100002458334844
100000893856530
100000728714230
1783905374
1084783608
100007541287305
100003902064833
719599138
100000343015739
1326294532
100012922399532
100007334316461
100001617282158
100001622387546
100003898621305
100016197603690
100006216644220
100004606561468
100001701010325
100005789792856
100011389726871
100000299373296
100003459787574
100004307320952
100006716792060
100005019755633
100009696571719
100006327845007
100003157828651
100000026781718
100015327946934
100010439730824
100002217608275
100004530698694
100018828815071
100000787784949
100009597493550
100013058778733
100009634731261
100008456442565
100004613719014
100008617172415
100008666351734
100003127205572
1819944619
1146752965
100006165366157
100001578954823
100002904534347
100004260243567
100003242744267
100007213754361
100011670715773
100005917113424
100017056517957
100008525132052
100007670687345
100008124191492
100004297425854
100003259098765
100012594672471
100005769247879
100005043109063
100010584330030
100009236474505
100004648814422
100003826712098
100003292906540
100003308884075
100001161375040
100003738385700
100015315876684
100010401155742
100002567440452
100008187999108
100006172813499
100001583214927
100000921091524
100007102755990
100000239735570
100001160671087
100001826408239
100001468179418
100001208777188
100014110487849
100010880359090
100005524654719
100001315228083
100000485034469
100000306417096
100000132638556
100021700358370
100004185550959
100004100121559
100000242170035
100002801469468
100000886282513
100010875792150
100000866606822
100010599436018
100002126542604
100011966777987
100003182885895
100012150215086
100006273074733
100018968568717
100003462408662
100010206436900
100003378386724
100000275274576
100008258413521
100006116708547
100013049922140
100002148191999
100008740831738
100006705780355
100003115736516
100003668846027
100022599032574
100005112826878
1413957248
100008138501221
100001640752042
750485273
100004106711066
100009480860199
100001293185435
100004424177043
100009304397036
100009905380221
100010699298117
100001327520511
100000034037459
100005443489472
100009197082694
1784473231
100014142579156
100000126102895
100012349536349
100001832027721
100006300250517
100004183997655
100001410937374
100004473361844
100007172807630
100005362635174
100005873799488
100001165991949
100004463050625
100003233627840
100005078021398
100003141128391
100004335210292
100013511115472
100008629989142
527219516
100001652406840
100016841537486
100004312186198
100003915923784
100002959920155
100000164703813
100001709940468
100013818121274
100003199755864
100014268701028
100006531890095
100002543821031
100002500018746
100009275814438
100016701077290
100016601613897
100009530045863
100003535238743
100001583556452
100008234328779
100004548667085
100005085097760
100001197388183
100021408052067
100004978329628
100022841730412
100011442461337
100011024977417
100005281034943
100013595477173
100012711813417
100012520204281
100011491396640
100006296773966
100003081521236
100000337774089
100013901044643
100006450884972
100007750354320
100001878108253
100004396145232
100002948175791
100002968786215
100006743323267
622893274
100012085296978
100005562077037
100004590885483
100002069247224
100002410237487
100001521873325
100001097660003
100004503545438
100001852693419
100005715914736
100001756611890
100022928102928
100008503605914
100010995603988
100007865774998
100008187139141
100006451440633
100002889034262
100006424663367
100017699762667
100007809943674
100010760894641
100009563390798
100006445994115
100015673927618
100010314254635
100000547066104
100004666815685
100008178527848
100003571845420
100006793920126
100005966431523
100004822801015
100004651356086
100003755685889
100001691467189
100001302438802
100001815594987
100009487587961
100007984866075
100009420070995
100003985023941
100005111140252
100008010220855
100006082665711
100014023606813
100006995475573
100004307682710
100006580623844
100005566631087
100006489127183
788553312
100000610035451
100014618977685
100010600398516
100006147582693
100000242539104
100002136799693
100000403807841
100003458346203
100010489056565
100000045701488
100003787483059
100005537173471
100003950193541
100005990675350
100016431643533
100012960375955
100006258844265
100011290021309
100000258258381
100011441622681
100003236563387
100001385421538
100002915865282
1705487706
100001898525444
100002883427357
100004232377443
100004963086914
100009284295848
100008936417281
100005006051064
100006555610714
100004000074416
100006133235376
100018405675952
100011931181222
100001822148240
100004315863343
100007556748590
100002531014703
100005336084893
100007381350928
100008499903251
100001143910259
100005015133736
100003467618205
100004017184521
100007629063550
100010074227278
100003039674610
100009453878030
100014047813406
100000288276678
100013212047421
100005688403317
100005002712235
100004133355498
100012754773885
100000299574043
100003735370331
100006375426862
100004224518390
100008078020203
100011591565016
100006490369872
